    0.000105398
     0.00993882
      0.0121135
      0.0161366
      0.0185735
      0.0216098
      0.0211762
      0.0236475
      0.0232505
      0.0246488
      0.0228432
       0.023614
      0.0205256
      0.0200612
      0.0176562
      0.0163589
      0.0109546
     0.00845036
     0.00418429
    -0.00024477
      0.0117809
      0.0360225
      0.0174852
      0.0283819
      0.0574211
       0.063993
       0.041895
      0.0489883
      0.0642164
      0.0654133
      0.0501881
      0.0537097
      0.0471458
      0.0426026
      0.0477824
      0.0478498
     0.00677664
    -0.00396938
      0.0349711
      0.0288894
      0.0145799
      0.0221938
     -0.0113131
    -0.00992301
       0.013944
       0.011958
     -0.0102701
     -0.0083199
       0.009469
     0.00578188
    -0.00624055
    -0.00307915
   -0.000144808
    -0.00528416
     0.00406217
     0.00994307
     -0.0147157
     -0.0196632
      0.0340738
      0.0347663
      0.0194454
      0.0340108
     -0.0115492
    -0.00407064
      0.0396582
      0.0401167
    -0.00138936
     0.00536161
      0.0362467
      0.0315552
     0.00871579
      0.0156077
      0.0178056
     0.00787887
      0.0250693
      0.0343669
     -0.0144761
     -0.0252984
      0.0469755
      0.0454582
      0.0218078
      0.0589192
     0.00855965
      0.0323995
      0.0766213
      0.0910229
      0.0465477
      0.0636759
       0.091312
      0.0922274
      0.0646251
      0.0734819
      0.0688094
      0.0554159
      0.0679271
      0.0681271
      0.0137404
    -0.00850099
      0.0578098
      0.0489995
      0.0255022
      0.0664789
     0.00564121
      0.0320576
      0.0931113
       0.109091
      0.0476156
      0.0686813
        0.10812
       0.106863
      0.0717326
      0.0834856
      0.0754977
      0.0560682
      0.0802082
      0.0810749
     0.00688341
     -0.0154952
      0.0653336
      0.0557758
      0.0250889
      0.0476787
      -0.012898
    -0.00285873
       0.053769
      0.0554039
    0.000499303
     0.00989763
      0.0499416
      0.0433148
      0.0158377
      0.0270559
      0.0246623
      0.0126987
      0.0397971
      0.0493133
     -0.0148595
     -0.0267651
      0.0576926
      0.0528559
      0.0280008
      0.0551749
     -0.0120385
     0.00248436
       0.071618
      0.0768855
     0.00846862
      0.0220889
      0.0709431
      0.0627998
      0.0310021
      0.0473421
       0.037198
       0.022724
      0.0594323
      0.0656157
     -0.0121859
      -0.026757
      0.0631307
       0.056693
      0.0273061
      0.0671666
     0.00320046
      0.0282731
      0.0934891
       0.108421
       0.042364
      0.0631849
       0.105422
       0.100863
      0.0678049
      0.0801679
      0.0664262
      0.0466537
      0.0782135
      0.0781092
     0.00172362
     -0.0171188
      0.0623528
      0.0533763
       0.029117
      0.0691919
   -0.000629627
      0.0239354
      0.0962466
       0.109409
      0.0365873
      0.0566446
       0.103073
      0.0941049
      0.0630128
      0.0771004
      0.0583213
      0.0405199
      0.0782337
      0.0786127
    -0.00232313
     -0.0199047
      0.0636235
      0.0547842
       0.026447
      0.0545196
     -0.0099757
        0.00509
      0.0700952
      0.0767983
      0.0131638
      0.0290043
       0.072155
      0.0654788
      0.0397227
      0.0554136
      0.0400778
      0.0268567
      0.0621135
      0.0644306
    -0.00634634
     -0.0200689
      0.0550842
      0.0475722
      0.0273089
      0.0579078
    -0.00740845
      0.0110046
      0.0783409
      0.0872632
      0.0233048
      0.0439723
      0.0829441
      0.0777186
       0.054375
      0.0676425
      0.0497667
      0.0352296
      0.0694149
      0.0695937
    -0.00146217
     -0.0166817
      0.0553218
      0.0470045
      0.0243695
      0.0510985
    -0.00511449
      0.0123791
      0.0727438
      0.0786189
      0.0204812
      0.0340866
      0.0692791
      0.0597542
      0.0396691
      0.0506457
      0.0344757
       0.022737
      0.0550087
      0.0569544
    -0.00642833
     -0.0183134
      0.0462506
      0.0408823
      0.0240187
      0.0472185
    -0.00945212
     0.00420923
      0.0607858
      0.0610969
      0.0107139
      0.0222095
       0.051198
      0.0439058
      0.0283341
      0.0377146
      0.0243137
      0.0149386
      0.0439873
       0.047654
    -0.00892936
     -0.0185355
      0.0431131
      0.0385588
      0.0196314
      0.0483855
    0.000243762
      0.0200443
      0.0686752
      0.0791583
      0.0351081
      0.0542974
      0.0765709
      0.0749829
      0.0590536
      0.0667835
      0.0519639
      0.0402177
       0.061265
      0.0586547
     0.00798175
    -0.00632242
      0.0376847
      0.0298571
      0.0180641
      0.0476198
     0.00599635
      0.0287983
      0.0670491
      0.0779842
      0.0440733
      0.0597938
      0.0748727
      0.0741377
      0.0607555
      0.0661872
      0.0532646
      0.0434885
      0.0578631
      0.0542089
      0.0133366
    -0.00125678
      0.0339052
      0.0261162
      0.0135088
      0.0115079
     -0.0163221
      -0.014482
      0.0193357
      0.0129132
      -0.013536
     -0.0095228
     0.00705211
     0.00252989
    -0.00334626
     0.00206642
    -0.00341479
    -0.00692519
      0.0112422
      0.0165917
     -0.0143408
     -0.0167752
      0.0183948
      0.0193143
      0.0106149
      0.0010066
      -0.019612
     -0.0230964
    -0.00236686
    -0.00859324
     -0.0236234
     -0.0224642
     -0.0111129
     -0.0141195
     -0.0161866
     -0.0124331
     -0.0144585
     -0.0154542
    -0.00298777
     0.00189899
     -0.0157505
     -0.0151266
      0.0118068
      0.0141377
     0.00363938
      0.0310864
      0.0303272
      0.0417004
      0.0517256
      0.0582582
      0.0520543
      0.0568443
      0.0560964
      0.0570907
      0.0504939
      0.0506327
      0.0417866
      0.0387964
      0.0352917
      0.0318021
      0.0162913
      0.0101258
      0.0118972
     0.00533582
    -0.00139691
      0.0242412
      0.0315126
      0.0406138
      0.0423299
      0.0482773
      0.0475024
      0.0506672
      0.0469335
      0.0481975
      0.0429911
      0.0422829
      0.0365331
      0.0344571
      0.0271451
      0.0236355
      0.0175782
      0.0128986
     0.00481601
    -0.00103697
